; GPS error correction factors for a dash cam of mine for the region I live in,
; where the GPS as recorded by the device is off by as much as ~1300km.

[Settings]
x1 = 0.000933
x2 = 0.654772
x3 = 33.428086
x4 = 0.655617
x5 = 0.000564
x6 = -16.238078
